Putty Log
20.395    1174      

20.390    1181      

20.399    1179      

20.395    1195      

19.962    1177      

20.389    1177      

20.396    1183      

19.921    1181      

19.980    1180      

20.403    1183      

20.403    1195      

20.400    1169      

19.970    1179      

19.971    1215      

20.398    1185      

20.407    1179      

20.399    1157      

19.916    1183      

19.975    1193      

20.401    1197      

20.401    1155      

20.400    1175      

20.404    1173      

20.414    1177      

20.403    1179      

20.403    1179      

20.399    1219      

20.405    1173      

20.404    1195      

20.407    1191      

20.411    1175      

20.402    1179      

20.398    1177      

19.928    1219      

20.413    1181      

20.412    1181      

20.410    1227      

20.394    1189      

19.913    1183      

20.398    1157      

20.395    1175      

20.399    1155      

20.397    1181      

20.380    1139      

20.396    1169      

20.395    1177      

20.390    1179      

19.919    1179      

20.385    1183      

20.395    1179      

20.392    1191      

19.914    1169      

20.390    1181      

20.392    1181      

20.404    1183      

19.927    1187      

20.402    1191      

20.402    1175      

20.397    1179      

20.402    1178      

20.403    1183      

20.404    1175      

20.403    1187      

19.926    1179      

20.409    1160      

20.412    1183      

20.410    1183      

20.409    1179      

19.916    1179      

20.405    1190      

20.389    1177      

20.388    1168      

19.906    1181      

20.390    1169      

20.384    1191      

19.906    1173      

19.912    1179      

20.387    1183      

20.385    1179      

20.390    1171      

20.380    1181      

20.394    1183      

20.388    1203      

20.386    1224      

19.907    1181      

20.386    1155      

20.393    1185      

20.396    1153      

20.394    1179      

19.915    1151      

20.393    1181      

19.920    1161      

19.920    1179      

20.392    1181      

20.393    1187      

20.390    1177      

20.400    1177      

20.392    1177      

20.395    1183      

20.399    1181      

20.388    1171      

20.390    1177      

20.430    1183      

20.392    1199      

20.397    1182      

20.389    1191      

19.921    1175      

20.386    1179      

20.395    1187      

20.383    1200      

19.908    1201      

19.906    1177      

20.386    1157      

20.394    1183      

20.387    1163      

20.394    1174      

20.389    1165      

19.919    1170      

20.396    1179      

20.395    1179      

20.396    1191      

20.407    1175      

20.398    1177      

20.397    1179      

20.399    1187      

20.395    1183      

20.402    1241      

20.403    1191      

20.075    1175      

20.627    1155      

20.785    1165      

21.396    1147      

22.320    1123      

24.166    1055      

25.354    1051      

27.399    991       

30.029    959       

32.014    907       

32.122    939       

32.084    913       

32.119    931       

32.115    951       

32.109    935       

32.111    939       

32.119    937       

32.162    931       

32.170    935       

32.164    933       

32.170    935       

32.164    935       

32.170    945       

32.165    929       

32.155    937       

32.162    935       

32.167    939       

32.164    935       

32.174    928       

32.156    943       

32.164    911       

32.177    935       

32.171    913       

32.168    935       

32.157    949       

32.215    937       

32.210    913       

32.215    937       

32.213    937       

32.385    937       

32.887    937       

32.071    929       

32.445    935       

32.938    935       

33.401    915       

34.018    919       

34.217    927       

34.157    913       

34.160    915       

33.806    915       

34.284    915       

34.271    911       

34.263    913       

34.259    935       

34.316    917       

34.314    896       

34.323    913       

34.373    896       

34.863    897       

35.599    879       

35.092    896       

35.089    879       

35.754    897       

36.130    899       

36.382    879       

36.333    881       

36.283    901       

36.707    913       

36.642    909       

36.243    893       

36.623    896       

35.804    897       

36.630    899

36.720    875       

36.837    877       

36.779    879       

36.937    879       

37.802    881       

38.127    873       

38.522    859       

38.457    879       

38.064    863       

38.026    881       

38.486    861       

38.452    881       

38.076    877       

37.663    872       

38.483    859       

38.063    879       

38.557    859       

38.220    889       

38.679    859       

38.621    863       

38.674    879       

38.574    863       

38.980    855       

38.986    859       

38.929    863       

38.936    863       

38.958    861       

39.357    859       

39.345    859       

38.933    865       

38.993    865       

38.931    843       

39.405    855       

39.157    845       

39.250    857       

39.680    847       

39.259    861       

40.270    861       

40.215    871       

40.222    839       

40.171    841       

40.220    863       

40.636    859       

40.222    875       

40.659    867       

40.249    853       

40.333    839       

40.868    841       

41.060    843       

40.972    843       

40.609    843       

41.059    843       

41.315    845       

41.684    845       

41.321    827       

41.733    841       

41.311    827       

41.325    851       

41.325    827       

41.331    841       

41.380    843       

41.581    843       

41.726    841       

41.727    841       

41.724    843       

42.233    842       

42.640    843       

43.086    855

42.842    823       

42.828    817       

43.226    819       

42.740    823       

42.741    825       

42.821    827       

42.762    831       

42.759    823       

42.645    811       

43.065    835       

42.611    827       

42.600    839       

43.021    821       

42.656    825       

43.018    823       

43.989    823       

43.985    823       

44.197    827       

44.864    805       

45.221    805       

45.232    803       

45.132    819       

45.173    833       

45.709    799       

45.419    803       

45.693    803       

45.693    805       

45.702    803       

45.712    803       

45.698    791       

45.723    801       

45.708    795       

45.712    803       

46.504    795       

46.596    811       

47.278    806       

46.887    801       

47.282    785       

47.337    807       

46.905    803       

46.849    800       

46.390    801       

47.277    781       

47.578    783       

47.609    787       

48.065    787       

47.623    787       

47.667    785       

47.641    797       

48.075    787       

48.081    787       

48.110    783       

47.791    779       

48.747    785       

49.555    777       

49.377    763       

49.339    777       

49.332    768       

49.293    791       

49.292    803       

49.988    761       

50.203    767       

50.530    768       

50.129    785       

50.130    761       

50.109    763       

50.517    763       

50.577    786       

50.125    785       

50.111    783       

50.106    777       

50.139    783       

50.226    785       

51.259    765       

51.366    767       

51.346    763       

51.372    768       

51.984    761       

51.987    759       

52.209    761       

52.197    763       

52.142    763       

52.111    771       

52.137    769       

52.106    768       

52.118    767       

52.521    763       

52.119    767       

52.146    769       

52.190    765       

52.621    763       

52.265    761       

52.636    765       

52.612    767       

52.216    769       

52.424    775       

52.866    767       

52.909    747       

52.918    768       

52.921    763       

53.146    763       

54.433    763       

54.137    759       

54.357    765       

54.829    761       

54.706    759       

54.639    767       

54.622    763       

55.086    749       

55.547    769       

55.475    767       

55.458    763       

55.524    765       

55.537    741       

56.005    771       

55.972    779       

56.711    743       

56.649    751       

56.305    745       

56.656    769       

57.216    761       

56.826    745       

56.980    767       

57.741    767       

57.388    771       

57.904    741       

58.125    747       

58.253    731       

58.338    747       

58.971    743       

59.260    749       

59.415    747       

58.992    747       

59.766    739       

60.493    745       

60.274    747       

59.948    747       

60.807    727       

61.493    727       

61.005    759       

61.060    737       

61.796    723       

62.796    727       

62.366    745       

63.117    729       

63.523    729       

63.798    731       

63.134    743       

63.528    723       

63.813    723       

63.858    727       

63.788    727       

64.101    723       

63.791    727       

64.195    731       

64.405    729       

64.504    727       

64.438    721       

64.504    729       

64.813    727       

64.694    727       

65.068    727       

64.750    727       

64.945    743       

65.536    723       

65.119    725       

65.541    727       

65.729    709       

66.246    727       

66.336    737       

66.294    723       

66.288    725       

65.763    727       

66.168    731       

65.726    738       

65.691    725       

65.719    727       

66.129    705       

65.806    726       

65.825    731       

66.178    723       

65.754    725       

66.189    727       

65.758    727       

66.270    747       

66.233    727       

66.236    725       

66.224    735       

66.219    725       

66.259    739       

65.796    725       

65.827    727       

66.278    729       

66.326    727       

66.385    709       

67.196    707       

67.343    722       

66.776    723       

68.010    723       

68.031    725       

67.971    723       

68.592    709       

69.109    707       

69.221    705       

69.254    709       

69.254    707       

69.770    727       

70.605    704       

70.691    707       

70.597    707       

70.755    699       

71.490    685       

71.794    707       

71.759    707       

71.515    721       

73.472    719       

73.787    703       

73.762    707       

73.477    705       

73.587    711       

73.938    707       

74.094    707       

74.337    709       

74.429    707       

74.364    707       

74.357    709       

74.431    715       

74.201    709       

74.945    703       

75.342    707       

74.888    707       

75.331    707       

74.910    709       

75.573    707       

76.115    707       

75.993    719       

76.016    701       

76.018    707       

76.079    707       

76.635    709       

76.578    711       

76.662    687       

77.013    711       

76.992    687       

76.494    707       

77.106    697       

77.777    707       

77.913    707       

77.920    695       

77.945    707       

78.442    704       

78.600    705       

78.508    687       

78.618    687       

79.232    687       

80.058    711       

79.590    707       

79.192    699       

79.758    707       

80.181    707       

79.774    687       

80.154    707       

80.210    683       

80.586    687       

81.135    687       

81.095    705       

81.559    703       

81.215    689       

81.764    687       

81.766    688       

81.731    685       

81.742    687       

81.724    685       

81.736    689       

81.729    715       

81.220    687       

81.793    687       

81.939    699       

82.162    685       

82.388    691       

82.365    691       

83.034    681       

83.013    663       

82.505    689       

82.534    685       

82.055    676       

83.065    667       

82.133    705       

82.644    687       

83.276    687       

82.628    705       

83.213    685       

83.260    687       

82.754    687       

83.849    669       

83.606    699       

83.792    669       

83.781    683       

83.700    687       

83.297    687       

83.807    689       

84.266    695       

84.729    683       

84.575    689       

84.949    667       

84.979    687       

85.475    703       

85.717    699       

85.810    691       

85.470    683       

85.772    685       

85.771    687       

85.521    667       

86.663    687       

87.073    687       

87.137    665       

86.711    667       

87.615    689       

87.510    687       

87.526    689       

87.932    667       

87.926    687       

88.291    685       

88.494    689       

89.145    663       

89.114    685       

89.179    667       

89.409    667       

90.120    687       

90.257    667       

90.253    699       

89.613    675       

89.653    656       

90.240    691       

89.950    687       

89.548    687       

90.017    689       

90.449    687       

90.439    687       

90.041    679       

90.279    667       

89.917    664       

90.449    689       

90.402    663       

90.901    691       

91.771    689       

92.751    691       

92.747    695       

92.769    685       

93.073    665       

92.871    667       

93.258    699       

94.003    683       

94.159    649       

95.056    665       

96.214    683       

95.246    663       

95.026    665       

95.614    665       

95.832    697       

96.232    665       

95.350    651       

96.607    665       

97.117    699       

98.471    663       

97.545    671       

97.807    667       

98.017    687       

99.871    647       

98.981    667       

98.981    651       

99.601    689       

99.353    671       

98.732    651       

100.373   667       

102.368   685       

102.064   647       

102.081   647       

102.846   671       

103.561   671       

103.901   665       

103.865   667       

103.811   683       

104.890   663       

105.604   647       

105.700   647       

106.126   667       

106.137   651       

105.964   667       

106.353   665       

107.220   645       

107.216   647       

107.254   667       

106.729   647       

108.388   667       

108.518   647       

109.498   651       

109.215   633       

109.633   675       

108.717   647       

109.035   647       

109.130   649       

109.561   665       

108.717   669       

109.101   651       

109.086   661       

109.126   645       

109.290   633       

109.512   649       

109.519   671       

109.664   651       

108.623   655       

108.804   685       

110.886   651       

108.771   667       

108.872   651       

109.598   667       

109.417   635       

110.030   683       

110.751   633       

113.209   661       

113.041   647       

111.784   667       

109.313   665       

109.674   667       

109.735   667       

109.703   679       

109.680   647       

109.759   667       

109.379   649       

109.749   667       

109.807   649       

109.865   651       

109.864   633       

109.847   689       

109.921   647       

109.788   651       

109.825   661       

109.766   649       

109.794   647       

109.759   635       

109.779   633       

109.742   645       

109.734   649       

109.670   643       

109.299   635       

109.746   651       

110.262   661       

109.838   631       

110.225   651       

109.820   649       

110.332   649       

110.110   649       

111.173   659       

111.992   651       

111.978   635       

112.116   621       

112.162   651       

112.605   647       

112.115   651       

111.556   630       

112.208   635       

113.574   635       

114.570   651       

114.326   647       

115.106   635       

115.153   667       

115.515   633       

118.135   661       

118.469   633       

118.430   649       

118.405   651       

118.421   651       

118.419   661       

118.382   647       

118.457   651       

118.450   637       

118.874   649       

121.020   635       

122.511   625       

120.853   649       

120.598   637       

120.543   669       

120.565   621       

120.560   651       

120.642   639       

121.408   635       

123.254   647       

124.805   615       

124.553   635       

124.896   623       

124.807   649       

124.675   639       

124.826   639       

124.559   635       

124.955   631       

125.340   647       

125.457   635       

126.190   625       

126.509   651       

127.026   655       

126.694   635       

127.465   689       

127.678   649       

127.367   643       

127.806   651       

127.522   633       

127.357   637       

127.511   651       

127.724   625       

128.029   623       

128.474   635       

128.861   635       

128.872   635       

129.692   629       

129.572   621       

130.161   633       

130.224   633       

131.330   626       

131.520   625       

131.740   647       

132.093   615       

132.536   647       

132.636   647       

132.816   651       

132.871   637       

132.972   648       

132.169   623       

132.283   635       

132.544   645       

132.438   637       

133.577   623       

132.399   639       

133.905   625       

134.453   651       

135.659   621       

136.823   655       

136.878   625       

135.819   633       

133.733   651       

136.116   651       

136.136   661       

136.447   621       

137.116   647       

137.383   635       

136.918   619       

136.235   633       

136.345   649       

135.786   631       

136.406   625       

136.985   635       

137.279   651       

137.902   625       

138.774   625       

139.396   625       

139.817   625       

140.117   639       

141.278   623       

142.135   624       

142.534   627       

142.083   635       

141.762   625       

142.101   630       

143.007   623       

143.751   649       

144.180   621       

144.193   615       

145.140   625       

145.247   617       

144.853   617       

145.500   635       

145.814   615       

145.858   631       

145.763   627       

146.463   625       

146.721   663       

147.630   635       

147.848   625       

147.938   635       

148.455   635       

149.052   618       

150.574   617       

151.768   614       

151.734   625       

152.993   635       

152.829   671       

152.806   613       

154.295   633       

155.394   667       

153.990   617       

154.528   623       

153.946   637       

153.673   635       

154.984   625       

155.090   611       

155.676   635       

156.127   615       

156.920   625       

154.810   635       

155.323   615       

156.525   617       

156.919   617       

157.859   619       

157.962   635       

157.236   627       

180.643   627       

155.016   617       

156.000   635       

155.336   615       

156.753   617       

158.693   611       

158.707   645       

158.183   615       

158.940   615       

158.112   623       

157.715   615       

157.686   615       

159.660   617       

160.940   623       

161.686   615       

162.666   627       

163.279   623       

163.692   619       

163.705   635       

164.147   611       

164.144   623       

164.617   615       

165.885   625       

166.560   611       

167.844   617       

168.130   613       

168.631   615       

169.009   649       

169.487   611       

170.207   617       

171.206   615       

170.787   631       

170.625   623       

170.634   615       

171.060   625       

170.727   613       

171.089   615       

171.197   615       

171.734   627       

171.097   629       

170.637   627       

171.217   615       

171.548   627       

171.203   613       

170.827   619       

170.902   613       

171.212   617       

170.073   620       

169.558   617       

168.633   627       

166.217   617       

162.113   611       

159.636   608       

157.898   615       

156.296   639       

154.628   615       

153.686   611       

153.271   615       

153.756   633       

154.427   613       

154.842   625       

153.899   613       

154.290   615       

154.206   627       

154.110   613       

153.962   617       

153.970   635       

153.401   635       

152.944   611       

153.208   621       

153.314   617       

153.271   635       

153.279   635       

153.743   635       

154.621   647       

154.157   625       

153.551   623       

152.090   623       

151.117   623       

149.238   625       

146.276   635       

144.412   623       

140.930   623       

127.426   635       

135.896   627       

134.418   635       

133.834   647       

131.686   623       

129.571   635       

127.719   634       

127.091   651       

126.558   629       

125.576   669       

123.741   635       

122.845   637       

121.704   633       

119.363   625       

118.107   635       

116.436   633       

115.197   651       

114.435   665       

113.286   651       

112.178   649       

111.573   679       

110.944   645       

108.946   647       

106.603   649       

105.640   651       

105.055   657       

103.085   651       

102.497   651       

102.683   663       

101.483   656       

99.566    669       

98.533    651       

97.587    687       

96.622    667       

96.081    671       

93.995    665       

92.761    671       

92.141    663       

90.765    683       

88.585    663       

87.045    707       

86.777    687       

86.985    667       

84.889    691       

82.080    709       

80.106    686       

78.014    701       

75.546    717       

73.722    705       

71.525    719       

68.914    711       

67.417    715       

66.929    711       

65.121    727       

63.956    739       

63.362    725       

63.133    723       

62.527    727       

61.361    727       

59.931    747       

59.835    747       

59.724    747       

59.671    749       

57.741    757       

55.794    757       

52.868    763       

49.733    768       

48.089    783       

46.892    797       

44.520    803       

41.575    823       

39.744    841       

39.114    863       

37.978    873       

36.841    861       

36.536    879       

36.542    859       

35.823    877       

35.574    881       

35.661    899       

34.873    899       

33.932    917       

32.462    921       

31.620    939       

29.405    982       

27.595    991       

26.112    1027      

24.064    1071      

21.288    1139      

20.823    1131      

20.389    1157      

19.117    1193      

18.020    1215      

17.197    1259      

16.580    1293      

15.658    1369      

14.674    1425      

13.853    1459      

12.930    1523      

11.549    1585      

10.825    1697      

9.458     1827      

8.282     1975      

6.876     2219      

6.305     2321      

5.439     2547      

4.976     2702      

4.464     2797      

4.822     2873      

4.769     2895      

4.053     3309      

3.640     3727      

3.898     3819      

4.000     3777      

3.948     3809      

3.950     3805      

3.948     3818      

3.948     3784      

3.793     3860      

3.744     3869      

3.744     3865      

3.795     3858      

3.848     3848      

4.000     3772      

3.693     3675      

3.693     3684      

3.692     3674      

3.742     3598      

4.210     3595      

4.001     3299      

4.669     3141      

4.669     3119      

4.158     3272      

4.106     3366      

4.156     3305      

4.209     3250      

4.671     3255      

4.670     3299      

4.364     3547      

4.260     3668      

4.258     3669      

4.311     3632      

4.003     3819      

3.848     3847      

3.899     3850      

4.005     3789      

4.002     3789      

3.642     3762      

3.694     3721      

4.106     3456      

4.053     3529      

4.154     3682      

4.209     3619      

4.363     3541      

4.363     3488      

4.415     3488      

4.415     3479      

4.669     3335      

4.671     3185      

4.671     3326      

4.670     3115      

5.494     2849      

6.053     2637      

6.619     2473      

6.775     2441      

7.104     2363      

7.389     2257      

7.854     2191      

8.286     2135      

8.287     2112      

8.284     2093      

8.363     2097      

8.520     2061      

8.821     2007      

9.465     1939      

9.852     1865      

10.215    1833      

10.748    1779      

10.745    1768      

10.749    1761      

10.932    1751      

11.334    1685      

12.053    1664      

11.924    1633      

12.664    1615      

12.930    1567      

12.928    1561      

14.111    1501      

14.460    1497      

14.515    1463      

14.611    1477      

14.816    1445      

15.567    1423      

16.064    1369      

16.362    1366      

16.570    1345      

17.138    1295      

17.497    1301      

17.613    1280      

18.216    1283      

17.927    1275      

18.884    1233      

19.182    1237      

18.120    1259      

17.193    1291      

16.757    1315      

16.529    1375      

15.854    1439      

14.562    1495      

13.747    1541      

12.160    1695      

9.804     1905      

7.598     2331      

5.547     2944      

3.642     3765      

3.694     3743      

4.055     3781      

3.642     3769      

3.642     3747      

4.260     3572      

4.468     3201      

5.390     2681      

6.568     2489      

7.181     2303      

7.753     2202      

8.466     2062      

9.083     1971      

9.598     1887      

10.330    1811      

10.746    1755      

11.649    1675      

13.383    1537      

14.933    1439      

16.371    1347      

17.093    1315      

18.228    1223      

19.206    1235      

20.029    1159      

20.126    1219      

19.124    1257      

17.149    1327      

16.329    1393      

14.628    1491      

12.829    1561      

11.495    1683      

10.420    1793      

8.774     2061      

7.180     2316      

5.339     2805      

4.366     3549      

3.694     3706      

3.694     3703      

4.159     3690      

4.157     3649      

4.055     3377      

5.391     2691      

7.438     2169      

9.547     1861      

11.442    1639      

13.110    1535      

14.573    1427      

15.909    1365      

17.040    1295      

19.765    1195      

23.606    1088      

27.712    1007      

31.871    930       

35.860    897       

33.715    935       

25.653    1083      

17.292    1315      

9.593     2011      

5.925     2432      

13.653    1359      

30.098    955       

42.490    843       

39.788    878       

26.012    1081      

15.570    1425      

18.063    1171      

31.849    935       

47.339    811       

40.220    881       

23.290    1177      

13.233    1543      

16.374    1353      

29.359    957       

41.160    859       

39.925    879       

38.800    879

172.946   615       

172.520   611       

172.879   625       

172.554   623       

172.530   615       

172.959   617       

172.259   613       

172.897   608       

172.863   615       

